Re_d: 2000.0
V_fr: 1.0891626545832152
V_max: 1.9604927782497874
sigma: 0.5555555555555555
d_o: 0.016
S_T: 0.036
S_L: 0.034
h_fin: 0.01
t_fin: 0.0005
S_fin: 0.004
rho: 1.177
mu: 1.846e-05
k_fluid: 0.0263
Pr: 0.707
T_inlet: 300.0
T_solid: 350.0
